0.4142318
0.40669146
0.38888243
0.44182864
0.4532156
0.47341
0.43906358
0.45670873
0.5309888
0.43965298
0.38802207
0.37828687
0.42599714
0.3752853
0.41238958
0.36859936
0.46755333
0.5518832
0.4721821
0.43616497
0.5083487
0.5432225
0.61255544
0.43101197
0.41832605
0.49898753
0.4145631
0.37237772
0.39009884
0.39625686
0.43189505
0.42994967
0.42849818
0.41029957
0.40547282
0.42928326
0.36737373
0.39676893
0.40433377
0.4676302
0.3762315
0.6032606
0.570273
0.48203617
0.51848054
0.4882912
0.39818895
0.36213
0.3825758
0.41800898
0.34674293
0.3549711
0.3299258
0.41144103
0.34161532
0.4788668
0.4036371
0.38425103
0.33413827
0.39606464
0.42182463
0.40754774
0.39948994
0.41245866
0.34643313
0.51527727
0.4985651
0.4409375
0.45023915
0.41206658
0.408603
0.428306505
0.34006786
0.38620427
0.38154602
0.43207362
0.38159022
0.45465133
0.38095576
0.45359853
0.44128072
0.47884238
0.41455674
0.3764666
0.40756744
0.42325327
0.4558269
0.41072437
0.35143542
0.38585344
0.34863362
0.37742868
0.38297808
0.3449194
0.3951856
0.4046906
0.33753645
0.39699063
0.5384791
0.36451927
