0.56917775
0.44015813
0.5338191
0.41097224
0.6005786
0.45897695
0.6201058
0.49194092
0.49692866
0.5206524
0.4214617
0.5590314
0.40511307
0.60361564
0.59260327
0.61686707
0.55962104
0.6042819
0.558824
0.59811926
0.5381229
0.5426616
0.59592336
0.50308824
0.4951828
0.51983964
0.49352476
0.52775455
0.6125827
0.47204018
0.50749105
0.49217722
0.3794943
0.5069748
0.48276585
0.52981406
0.47658893
0.48908624
0.49381816
0.5586042
0.47386485
0.52535063
0.49701154
0.41974866
0.48082983
0.5089139
0.51825327
0.43910104
0.6321115
0.42732793
0.53117985
0.421424
0.47380918
0.52101
0.504099
0.47979522
0.5957882
0.40446544
0.41355926
0.55563945
