0.26928145
0.45421663
0.45647755
0.49229527
0.4694394
0.48055595
0.5008472
0.3830278
0.5066103
0.47975567
0.5024091
0.5217749
0.52473027
0.60958123
0.5169026
0.51028854
0.34998116
0.45464367
0.29847476
0.58400476
0.44596267
0.54312706
0.52827716
0.56968397
0.53188324
0.54521227
0.5210382
0.52837026
0.41691658
0.2906253
0.50596535
0.55796045
0.5904928
0.4577195
0.4665044
0.6186133
0.4853117
0.467141
0.48132026
0.48021698
0.48834032
0.25592557
0.50717485
0.44718748
0.54078203
0.5110863
0.42120364
0.4771028
0.44452772
0.5067539
0.48021916
0.5632806
0.57871604
0.6251848
0.41815606
0.5351983
0.51642257
0.46854183
0.49775517
0.5795195
0.49924868
0.5133129
0.5909481
0.48981172
0.5485097
0.5550209
0.47110203
0.50988925
0.26530525
0.39398345
0.27944714
0.4462406
0.32817397
0.5590479
0.51939243
0.598881
0.5199969
