0.51600873
0.579225
0.46444878
0.58580726
0.5341701
0.58003914
0.49671903
0.5685682
0.5771359
0.5712737
0.5260856
0.5384132
0.49321118
0.5803551
0.6266138
0.5063342
0.43960825
0.62761146
0.40636018
0.5329823
0.5136584
0.51797897
0.5844975
0.46972546
0.5201056
0.5074654
0.43744963
0.5389457
0.5259346
0.5871069
0.59686226
0.2443646
0.5048232
0.624079
0.46512124
0.52308244
0.40367225
0.45529228
0.5207755
0.5305259
0.5938677
0.5575308
0.53239995
0.6272893
0.63248676
0.5064624
0.58560985
0.60731006
0.60430133
